1.68564216718106e+02
1.96105511708353e+02
1.28548037621973e+02
2.73839320006451e+02
2.23438415870420e+02
2.00364687364673e+02
2.91207723256760e+02
-9.03873232620480e+00
1.63311039758548e+02
4.33081131100665e+01
2.32705683018374e+02
1.36562439380538e+02
1.45415266323441e+02
1.93827997178750e+02
1.60190370855961e+02
2.06397652522065e+02
1.64428437113259e+02
2.32449569467905e+02
1.61808962775856e+02
1.94202317280235e+02
1.77372340097538e+02
1.82748358389700e+02
1.64877578052970e+02
1.83197039658486e+02
1.82732255396917e+02
1.86044820012303e+02
1.41061538666048e+02
1.77827356215751e+02
1.58434728978795e+02
1.23836713058105e+02
8.41293429520999e+01
1.49068256512469e+02
5.52186587090522e+01
9.20315237390568e+01
1.55200412199813e+01
3.03288684063235e+01
6.85375945804066e+01
5.90046230017358e+01
7.86810832364131e+01
8.45681715730851e+01
9.73022008826857e+01
1.27216983967374e+02
1.50762725073802e+02
1.61651408513872e+02
1.38233377122299e+02
1.86738079927807e+02
1.85919334901304e+02
1.63436573566433e+02
1.99091447087851e+02
2.20563175512754e+02
1.45499829968393e+02
2.17696218134392e+02
2.15900941241327e+02
1.33715203977750e+02
1.53328830482568e+02
1.35750885631150e+02
7.70387350873576e+01
2.03911751363961e+02
6.46360232742520e+01
1.45849915899860e+02
2.02055698329345e+01
2.73417417754183e+01
8.59384427400578e+01
7.19914735389923e+01
7.17848435024937e+01
8.30337126385675e+01
9.87105814013515e+01
1.29902822135173e+02
1.54756435608655e+02
1.85965490692995e+02
1.38444369894170e+02
1.95762648944622e+02
1.79608949645973e+02
1.85680651620960e+02
2.01254325223224e+02
2.23979997937088e+02
1.67010984664501e+02
2.26772372197455e+02
2.02406178348478e+02
1.60418017251015e+02
9.74858329850397e+01
2.31319199679163e+02
8.03996629065529e+01
2.04130558918559e+02
2.39000973114840e+01
3.46074901570587e+01
1.02329501186755e+02
7.47380869322539e+01
8.80872948313342e+01
9.20548758704943e+01
1.05857862427635e+02
1.45643650364765e+02
1.76269305816042e+02
1.98518104585398e+02
1.53580080942800e+02
1.89009245315308e+02
1.85030284639017e+02
1.77063569384262e+02
1.96878087483641e+02
2.28202653734287e+02
1.75532419947330e+02
2.20952814526756e+02
1.27995311300120e+02
2.71001708656301e+02
9.43220962674231e+01
2.57152572057526e+02
4.12601786138580e+01
1.14359745249891e+02
8.70571765857743e+01
8.72098752502196e+01
1.23143662606405e+02
1.53547028453837e+02
1.93331488477450e+02
2.16912607595334e+02
1.49018626025683e+02
2.00097755743986e+02
1.75816730782237e+02
1.56689945092380e+02
1.90172005426021e+02
2.38463309531557e+02
1.60513332561085e+02
3.34290557176288e+02
1.10107731413542e+02
3.05906931022171e+02
4.70026278142720e+01
1.31778994467612e+02
9.40998287543144e+01
9.98704589833090e+01
1.14523594539730e+02
1.43169414215702e+02
1.70353086554750e+02
1.99076557405168e+02
2.14411314472317e+02
1.56866578967231e+02
1.90293694319396e+02
1.63254466597671e+02
1.51332017883939e+02
1.78411878571719e+02
2.12389623264685e+02
1.32428630316750e+02
3.54252192347214e+02
5.27407557964026e+01
1.45271293652816e+02
1.08181463933914e+02
1.05835738355133e+02
1.23517105764345e+02
1.41781357090310e+02
1.87479824976416e+02
1.98850604799164e+02
2.14848593688079e+02
1.51236357825858e+02
1.78360346818820e+02
1.62783546789627e+02
1.50550598242903e+02
1.60547579596359e+02
4.10882728822578e+02
5.65363647424044e+01
1.62782098687573e+02
1.18103520673856e+02
1.15341517656795e+02
1.27252639901395e+02
1.48864982755327e+02
1.71785402221618e+02
2.11904120447751e+02
2.10781451004196e+02
1.36500637946609e+02
1.81353645777338e+02
1.65994806925638e+02
1.42864864534376e+02
6.23719971928129e+01
1.73175199570057e+02
1.26948105493865e+02
1.23035231794175e+02
1.32647525749862e+02
1.43375833096647e+02
1.76430216053905e+02
1.90395235632132e+02
2.06753213407895e+02
1.42319795293266e+02
1.77518220084040e+02
1.62862910833587e+02
6.79318955145954e+01
1.84225720419947e+02
1.33176722795922e+02
1.28791696498956e+02
1.30658967607390e+02
1.48839075890797e+02
1.65890349055985e+02
1.79771975027378e+02
1.95084910859933e+02
1.50714459687878e+02
1.79663850666515e+02
1.97224683834519e+02
1.39078143312328e+02
1.28395753854161e+02
1.33758054646837e+02
1.46518773485631e+02
1.60481511684199e+02
1.76875720361044e+02
1.98496936023275e+02
1.38407810094726e+02
1.87783904331162e+02
1.22478062973167e+02
1.11331132026287e+02
1.13389797212770e+02
1.27667100572352e+02
8.61843432778589e+01
6.24333248893355e+01
2.46841846510016e+01
4.97937116500629e+01
7.45590678345967e+01
7.21216902692891e+01
7.76534617191501e+01
8.83768174676082e+01
1.09309857335408e+02
1.45758123947841e+02
1.61579534017687e+02
1.51715876396990e+02
1.61779244896800e+02
1.89389534800663e+02
1.72036546964116e+02
1.89580970411823e+02
2.09560537367931e+02
1.85186115097803e+02
1.87435486148084e+02
2.16754356592502e+02
1.74104516804110e+02
1.46950623520351e+02
1.71248257606194e+02
1.75127329876940e+02
1.56860261550816e+02
1.26500523704596e+02
3.27238321589097e+01
7.39716550274053e+01
9.24806824868861e+01
8.15735997360997e+01
9.81670635644594e+01
1.06674658779508e+02
1.28881304505613e+02
1.71083192056299e+02
1.94813579743468e+02
1.78294197355941e+02
1.71192868830773e+02
1.86496138528113e+02
1.70670905858803e+02
1.78188742538931e+02
2.13906649059231e+02
2.01246491649376e+02
1.94451833046937e+02
2.45820085200937e+02
2.22043644646307e+02
1.83098659118455e+02
4.37399307942356e+01
9.59809624548061e+01
1.17089297256951e+02
1.00952486308408e+02
1.12746130267780e+02
1.27308155164876e+02
1.66733818777328e+02
1.93027045350779e+02
2.00649710673210e+02
1.86512715662625e+02
1.71832737324466e+02
1.66812905380329e+02
1.55407198955290e+02
1.61483491488922e+02
1.80142879888096e+02
2.40399514559271e+02
5.21283384029716e+01
1.14989325436364e+02
1.44374890572721e+02
1.20580140441628e+02
1.26060665281477e+02
1.38181546119505e+02
1.60693413136613e+02
1.89029302373782e+02
2.11240580121900e+02
1.67323020514819e+02
1.57204475242429e+02
1.73770595959632e+02
1.51522509477295e+02
1.32384217877132e+02
1.61799259572047e+02
1.32723380981031e+02
1.30729878204201e+02
1.41384862300553e+02
1.57231923258903e+02
1.67655811243596e+02
1.88795442775853e+02
1.67610817165115e+02
1.68623302117637e+02
1.41570860894910e+02
1.32022125311985e+02
1.34572438583534e+02
1.56245194273619e+02
1.74905648626490e+02
1.86278193278495e+02
1.44969361296419e+02
1.61096212211241e+02
1.40336718493272e+02
1.46360643225515e+02
1.32173860652910e+02
1.84281428022411e+02
9.67245744331765e+01
8.12266755989831e+01
5.48626898104470e+01
6.93858194905311e+01
8.04666342901803e+01
9.06616158633453e+01
9.00490638199965e+01
1.08835272352795e+02
1.45563882751812e+02
1.73051732571682e+02
1.65969521024856e+02
1.84187772899231e+02
1.64065529142712e+02
1.75681259912585e+02
1.86586442568759e+02
1.95713903537792e+02
1.88606535558358e+02
2.21933618203145e+02
1.90390055890090e+02
2.96684784118430e+02
1.69789848040077e+02
1.47475406319914e+02
8.16037143587240e+01
1.00049482652926e+02
1.17903288106894e+02
1.11367107973931e+02
1.25014159310225e+02
1.47241308882057e+02
1.89733464326737e+02
1.97395869742860e+02
1.84434362494801e+02
1.83211421914893e+02
1.58197426551888e+02
1.57895043993639e+02
1.59653484694337e+02
1.61592974188369e+02
1.04541283568511e+02
1.27960578797361e+02
1.46475816714279e+02
1.34206425369189e+02
1.35574370666837e+02
1.52757976997059e+02
1.67600477201630e+02
1.79935421611535e+02
1.69365125597363e+02
1.83371771359618e+02
1.60253892326005e+02
1.39091238524827e+02
1.34717532880019e+02
1.46708981376206e+02
1.68038565990741e+02
1.81192276135271e+02
1.93341560611365e+02
1.78453560210197e+02
1.11870751903192e+02
1.21540726994769e+02
7.11143794199651e+01
8.28718794576456e+01
9.97731300298434e+01
1.03715185511197e+02
1.31000131714173e+02
1.51196819080295e+02
1.74799093847414e+02
1.83727019873435e+02
1.80761478382666e+02
1.79693521550801e+02
1.60879440572675e+02
1.58406334825826e+02
1.72546363114489e+02
1.80722305182771e+02
1.96209825813385e+02
1.97540302058020e+02
1.06318309625042e+02
1.23101158181984e+02
1.42611597313033e+02
1.37322152370604e+02
1.45126105574136e+02
1.65112279339178e+02
1.82121878350105e+02
1.66103149581323e+02
1.82617363149182e+02
1.70807444856448e+02
1.47799502246172e+02
1.40194947641160e+02
1.45199601097258e+02
1.58747960124693e+02
1.75310588705308e+02
2.11990089246044e+02
1.88949463863880e+02
1.40420279649097e+02
1.40334985092822e+02
8.64887855874014e+01
1.04908866233639e+02
1.19751208812568e+02
1.32733473744843e+02
1.55736591130811e+02
1.90217084709207e+02
1.75045896316674e+02
1.82871550735907e+02
1.77620883167779e+02
1.54650627051453e+02
1.51020917888626e+02
1.63691144713347e+02
1.48548730997309e+02
1.37882669723800e+02
1.51768757992978e+02
1.45158916867009e+02
1.50901737306600e+02
1.64542801414150e+02
1.65497213684036e+02
1.66191577221248e+02
2.25399490953208e+02
1.56010284847788e+02
1.54441313888112e+02
1.07591988632818e+02
1.23971920942522e+02
1.45761825601013e+02
1.57637430356868e+02
1.71127653084417e+02
1.71973197876088e+02
1.85211316249097e+02
1.65126807721112e+02
1.54416670244479e+02
1.59308477333690e+02
1.49517750723960e+02
1.59415049009508e+02
1.64108610765040e+02
1.76539182473440e+02
1.71018888721754e+02
1.23287557203111e+02
1.44857281186600e+02
1.61153602320355e+02
1.70204226611793e+02
1.59031420254637e+02
1.58925242135870e+02
1.61832936789015e+02
1.71322623967490e+02
1.56295094899046e+02
1.88751026266615e+02
1.34994347667824e+02
1.56049955832410e+02
1.69318568871847e+02
1.52094473446692e+02
1.56630766135905e+02
1.57128856143416e+02
1.56714926274069e+02
1.47035012166026e+02
1.54175854330091e+02
1.59558646522134e+02
1.59948333977610e+02
1.56543238477453e+02
1.59347264645477e+02
1.64474607401201e+02
