1.64512458756195e+02
1.93696282366802e+02
1.24405905605569e+02
2.52899098741531e+02
2.12189173234166e+02
1.31527931733878e+02
2.58976612124144e+02
9.61213002760266e+01
1.66897914647633e+02
4.49318078582767e+01
2.29589620121643e+02
1.32098423263617e+02
1.41148638970196e+02
1.96645124670298e+02
1.62728293538744e+02
2.06752493917518e+02
1.63836098495818e+02
2.32648182621452e+02
1.60837869989183e+02
1.94874605701011e+02
1.77956548441581e+02
1.83197405788490e+02
1.65980910219654e+02
1.88313138996223e+02
1.83079605386028e+02
1.83252854403711e+02
1.38676822566901e+02
1.74680924048320e+02
1.48792016632350e+02
1.23103478396441e+02
7.31476950120743e+01
1.61304873205395e+02
4.86776294712804e+01
1.06744965585459e+02
1.24432381623015e+01
3.30512566726422e+01
6.97306640164615e+01
5.85715459203020e+01
7.96799671118464e+01
8.32282045742162e+01
9.44001826121421e+01
1.28493612700688e+02
1.49644599431627e+02
1.64305581234452e+02
1.36773437841206e+02
1.87744729877772e+02
1.84178749154054e+02
1.64228489795684e+02
1.98836210055869e+02
2.22428496857052e+02
1.46383230482499e+02
2.20800919386836e+02
2.15576718032499e+02
1.32895757470677e+02
1.48026631706293e+02
1.32883048904040e+02
7.70390250463064e+01
2.09395187670405e+02
6.25161021788375e+01
1.54333743551512e+02
1.74608490896537e+01
2.54595514828615e+01
8.85917681693294e+01
7.07345126189378e+01
7.20656479401806e+01
8.22232670281819e+01
9.66360317110578e+01
1.30967294833970e+02
1.54121967196061e+02
1.86727688601168e+02
1.37868597811194e+02
1.96606579023014e+02
1.78527892223832e+02
1.85805618663225e+02
2.01815765193382e+02
2.25605658987091e+02
1.67401770877556e+02
2.29236668628848e+02
2.01964350012933e+02
1.60266255056070e+02
9.71081915852040e+01
2.35070496653680e+02
7.88697796225672e+01
2.09991089995256e+02
2.28944979697935e+01
3.26095646429488e+01
1.03346531144200e+02
7.41870714922285e+01
8.75264329205077e+01
9.12773404820486e+01
1.04529629591173e+02
1.46938847460094e+02
1.74888287710477e+02
1.99475771410186e+02
1.52186775245270e+02
1.90559843130279e+02
1.83898107824402e+02
1.77809749893600e+02
1.97132920718550e+02
2.30004867966078e+02
1.75359395566403e+02
2.22981098730368e+02
1.26285429610533e+02
2.74500850192096e+02
9.31936177545296e+01
2.61888241328035e+02
4.00870094767725e+01
1.15896396457505e+02
8.53967710362124e+01
8.69325297220665e+01
1.21739638042927e+02
1.55292471409319e+02
1.91831533707826e+02
2.17560545609364e+02
1.47894324932523e+02
2.01347545936711e+02
1.75672532075278e+02
1.57298053419837e+02
1.90453454309290e+02
2.39519788485233e+02
1.60580611861633e+02
3.35278347891083e+02
1.09477875333658e+02
3.10088852290025e+02
4.58005616152377e+01
1.34071762811850e+02
9.23942099125342e+01
9.90596378275659e+01
1.13661292701133e+02
1.41290751980390e+02
1.72235550740780e+02
1.97952474253402e+02
2.15081462837978e+02
1.55482323238380e+02
1.92047088339894e+02
1.62903998527271e+02
1.52192079026815e+02
1.78208008689831e+02
2.13490616317403e+02
1.31396988583165e+02
3.58504040770227e+02
5.12718659997155e+01
1.47928979050346e+02
1.06647994499295e+02
1.05021999655700e+02
1.22257190789011e+02
1.40114360172427e+02
1.89320096241072e+02
1.97832286666837e+02
2.15962992907823e+02
1.50161128729762e+02
1.79852062398542e+02
1.62305964197950e+02
1.50882463147466e+02
1.60663725636443e+02
4.14280851524225e+02
5.50589801633766e+01
1.65517573853736e+02
1.16513648817636e+02
1.14654656716906e+02
1.25992254241340e+02
1.47021948236250e+02
1.73769463938242e+02
2.10667207992658e+02
2.12296034574880e+02
1.35882826289052e+02
1.82548825722771e+02
1.65110509320638e+02
1.43117699305438e+02
6.07966851454502e+01
1.76221316891842e+02
1.25012142796042e+02
1.22326254724045e+02
1.31550254255447e+02
1.41759012786194e+02
1.78415397807371e+02
1.89877133217918e+02
2.08050888234939e+02
1.41478100210490e+02
1.78780613292488e+02
1.61739995140376e+02
6.62284149692663e+01
1.87443887718428e+02
1.31176572134147e+02
1.27879986550267e+02
1.29699998938024e+02
1.47389815229965e+02
1.68090576090705e+02
1.79244538920970e+02
1.96374384221633e+02
1.49496450567432e+02
1.80684877417825e+02
2.00403457562005e+02
1.37014574395022e+02
1.27556487033382e+02
1.32676469851820e+02
1.45435119801055e+02
1.62708095973795e+02
1.76267632354352e+02
1.99511863510678e+02
1.37332241190145e+02
1.77464778755202e+02
1.20604949742698e+02
1.04464007585993e+02
1.15093533792560e+02
1.30645533758850e+02
8.89082661581535e+01
7.04070885001034e+01
2.11115323390235e+01
5.42183610019425e+01
7.42345008843250e+01
7.14745723683356e+01
7.85790338951581e+01
8.54710304828271e+01
1.09017425270177e+02
1.45897329218941e+02
1.61816533936554e+02
1.52284072055530e+02
1.61758029755539e+02
1.89238805374771e+02
1.71194809850599e+02
1.90123235759813e+02
2.10529754669029e+02
1.86593933494437e+02
1.89462723590616e+02
2.17957128236166e+02
1.73444951781744e+02
1.46776425835621e+02
1.71995372163807e+02
1.76425812872097e+02
1.58178812107420e+02
1.29397318631247e+02
3.15169027065892e+01
7.36866481189249e+01
9.22638299215211e+01
8.09151331885701e+01
9.75790668526892e+01
1.05282388280740e+02
1.29395900865668e+02
1.70789850049491e+02
1.94571278858237e+02
1.77926938176525e+02
1.71309367642182e+02
1.86930107401829e+02
1.70590456325466e+02
1.78912020589011e+02
2.14608418308934e+02
2.02017834760781e+02
1.95257004962496e+02
2.45954719820407e+02
2.23642215949575e+02
1.84405945485802e+02
4.20935851859266e+01
9.66626116093495e+01
1.17522017434295e+02
9.95282183001619e+01
1.11916956134472e+02
1.25830938637179e+02
1.66862595022676e+02
1.93234305073658e+02
2.00825766615022e+02
1.85979080078646e+02
1.72272980781809e+02
1.67426060390813e+02
1.55423938853833e+02
1.61922832090236e+02
1.80389783619997e+02
2.40956841151061e+02
5.02375124936170e+01
1.15709700140239e+02
1.44860887956763e+02
1.19327404836144e+02
1.25247304775764e+02
1.36517237284014e+02
1.60973957844383e+02
1.89444040726972e+02
2.11622761635200e+02
1.67593661477413e+02
1.57681691372349e+02
1.73667100003553e+02
1.51109527073336e+02
1.33098308459505e+02
1.62391575001707e+02
1.31210245367261e+02
1.29813695745980e+02
1.40133298487138e+02
1.57937848750863e+02
1.68400048542789e+02
1.89154177826055e+02
1.67554774381732e+02
1.68487508069522e+02
1.39851631665303e+02
1.31314378969887e+02
1.33564582190363e+02
1.56782231910274e+02
1.75562715368298e+02
1.86332519996422e+02
1.43614239856833e+02
1.61539818504759e+02
1.39209870029656e+02
1.48133667672120e+02
1.31200866598239e+02
1.87382744684407e+02
9.76228391067246e+01
8.45673634502112e+01
5.39635072671981e+01
6.83151588067369e+01
8.10084379842711e+01
8.96293985387779e+01
8.93334719015964e+01
1.08650234200804e+02
1.45048320975936e+02
1.73176422010882e+02
1.65400625655720e+02
1.84388994821892e+02
1.64251633907192e+02
1.75674331397337e+02
1.86758906216866e+02
1.96650246656359e+02
1.89409819661675e+02
2.23162769186769e+02
1.90923081008581e+02
2.97658467922649e+02
1.70251827993835e+02
1.48106967981131e+02
8.13757867169853e+01
9.99838647409270e+01
1.17842589216477e+02
1.10142993952619e+02
1.23651039813680e+02
1.47045971823741e+02
1.89243717614284e+02
1.98044370150355e+02
1.84047870457513e+02
1.83740863586719e+02
1.58289316115390e+02
1.58365577303791e+02
1.59481435485761e+02
1.62257920588362e+02
1.04212671982317e+02
1.27801483808490e+02
1.46439921638770e+02
1.32837414660711e+02
1.34521043993199e+02
1.52709380118133e+02
1.67769868108229e+02
1.80935211840533e+02
1.69281495987491e+02
1.83635293761029e+02
1.59957563644760e+02
1.37723662857545e+02
1.33872187184898e+02
1.46765583623833e+02
1.68014654867240e+02
1.81921222391957e+02
1.93912331520739e+02
1.80137939517506e+02
1.11986517845751e+02
1.23780443632374e+02
7.08398398489587e+01
8.17786316601234e+01
9.90652097214246e+01
1.02695211030692e+02
1.30852318684034e+02
1.50590155871951e+02
1.75066325355112e+02
1.83122779805663e+02
1.80610869013366e+02
1.79716364324826e+02
1.61173814732156e+02
1.59345335745915e+02
1.72885271200862e+02
1.81152180588906e+02
1.96693085069465e+02
1.98312667659816e+02
1.05662461784113e+02
1.22637655296262e+02
1.42276724437804e+02
1.35913648049939e+02
1.44991750553899e+02
1.64614550598486e+02
1.82694950805337e+02
1.66605593010641e+02
1.82818735827764e+02
1.70875263583220e+02
1.47739116728680e+02
1.38806205711401e+02
1.45147327327821e+02
1.58466760225208e+02
1.75486102718617e+02
2.11128905517865e+02
1.89954107471825e+02
1.41279532932993e+02
1.41245096561470e+02
8.58652364577165e+01
1.04431920067058e+02
1.18746870487320e+02
1.31977109810042e+02
1.55357252950500e+02
1.89803038332639e+02
1.74849051313676e+02
1.83336552999188e+02
1.77547642153246e+02
1.55005953856901e+02
1.51257204984203e+02
1.64053586015071e+02
1.48845998470319e+02
1.37207199534741e+02
1.51269188075730e+02
1.44775990904635e+02
1.50756953419889e+02
1.64852464548342e+02
1.65527615944286e+02
1.66509507968587e+02
2.25972993364926e+02
1.56418330449378e+02
1.54853020150745e+02
1.06780765619622e+02
1.23125120668639e+02
1.45710324342926e+02
1.56663873806944e+02
1.70950095848990e+02
1.71577518020492e+02
1.85654658081460e+02
1.65674421462834e+02
1.54705112761614e+02
1.59078684306911e+02
1.49410325988869e+02
1.58538702000170e+02
1.63997098562182e+02
1.76294415876856e+02
1.71237274780489e+02
1.22111488763994e+02
1.44464458645651e+02
1.61017560582477e+02
1.69938373279009e+02
1.58940887797899e+02
1.59185614177070e+02
1.62104994376790e+02
1.71389275541069e+02
1.56120734992210e+02
1.88161229278998e+02
1.34461077263831e+02
1.55629142535010e+02
1.69638346717331e+02
1.51979319790488e+02
1.56887832406077e+02
1.56945880352440e+02
1.56667922546414e+02
1.46431489265424e+02
1.54332182808281e+02
1.59607436152849e+02
1.59669210819466e+02
1.56417476290234e+02
1.58896665681305e+02
1.64538754730223e+02
