-71.87 -65.47 23 1.09 4.33 -5.42 0.88 0.55 4.08 24 X Y 202201052324A  
-25.64 -59.99 39 0.70 0.14 -0.83 -0.25 0.28 -0.41 24 X Y 202201061216A  
28.11 -52.43 22 -0.52 2.89 -2.37 0.61 -0.06 3.21 23 X Y 202201090753A  
-128.84 -55.35 19 -0.39 2.53 -2.14 0.03 0.62 3.10 24 X Y 202201151823A  
-24.97 -58.03 56 0.67 0.19 -0.86 0.00 -0.02 0.25 24 X Y 202201152357A  
-27.48 -60.27 87 -3.26 2.16 1.10 -3.32 -1.12 2.34 23 X Y 202201160025A  
147.75 -57.42 12 -0.04 0.49 -0.45 -0.26 -0.04 -1.02 24 X Y 202201181649A  
-160.42 -62.78 12 -0.13 1.39 -1.26 -0.26 0.00 0.79 24 X Y 202201181806A  
13.14 -52.54 12 -4.58 5.88 -1.31 2.75 -2.20 0.03 23 X Y 202201190546A  
-23.30 -58.95 12 -3.61 -1.27 4.88 -0.38 -0.40 2.17 24 X Y 202201200652A  
-25.34 -59.66 43 1.31 -0.20 -1.10 -0.15 0.04 -0.25 24 X Y 202201220441A  
-23.36 -58.95 12 -2.39 -4.98 7.37 -0.79 0.31 0.87 23 X Y 202201242117A  
-28.61 -55.29 13 0.48 -0.43 -0.05 -0.57 0.76 0.51 25 X Y 202201250124A  
-28.55 -55.28 12 -0.52 -0.48 1.00 -0.48 0.21 0.42 24 X Y 202201251516A  
171.19 -63.35 12 -0.37 1.70 -1.33 -0.47 0.00 -0.30 24 X Y 202201261636A  
-25.08 -58.70 35 -0.98 0.19 0.79 -2.75 -0.13 1.69 23 X Y 202202020410A  
147.62 -56.87 12 -0.24 1.04 -0.80 -0.84 -0.21 -2.28 23 X Y 202202060242A  
-25.33 -56.33 15 3.58 -1.09 -2.50 -0.15 2.27 1.91 23 X Y 202202061827A  
-25.78 -60.06 44 3.79 0.17 -3.97 -1.69 1.27 -1.62 23 X Y 202202071037A  
-24.82 -59.47 27 -3.13 -2.86 5.99 3.19 -2.65 1.35 23 X Y 202202072109A  
-144.81 -55.91 12 -0.88 4.16 -3.29 0.71 0.13 3.31 23 X Y 202202080536A  
-14.56 -58.50 12 0.06 -1.10 1.04 1.54 0.52 2.36 23 X Y 202202080632A  
-144.90 -55.88 17 -0.20 2.44 -2.24 0.75 0.00 2.10 23 X Y 202202080733A  
9.59 -53.19 17 -0.27 1.50 -1.23 0.26 0.23 0.31 24 X Y 202202080851A  
-144.75 -55.90 14 -0.21 3.63 -3.42 1.26 1.01 2.67 23 X Y 202202081512A  
-144.67 -55.89 12 0.13 5.18 -5.30 1.29 1.89 3.83 23 X Y 202202091709A  
-24.42 -57.13 13 5.65 0.25 -5.90 -0.05 2.60 1.26 23 X Y 202202092333A  
-22.86 -58.26 24 -0.39 -1.10 1.49 0.54 -0.86 2.19 23 X Y 202202100047A  
-158.30 -62.91 13 -0.60 2.60 -2.00 0.28 -0.13 0.67 23 X Y 202202121927A  
-27.53 -56.14 108 -0.09 0.69 -0.61 -1.59 0.50 0.78 24 X Y 202202130654A  
-24.97 -58.56 53 3.68 0.90 -4.58 -0.48 0.52 0.43 23 X Y 202202151815A  
-24.85 -58.55 52 2.48 0.22 -2.70 -0.27 0.43 0.24 24 X Y 202202160539A  
177.90 -64.81 14 -0.36 3.44 -3.07 -1.16 -0.78 -0.29 23 X Y 202202161849A  
-23.04 -59.24 12 -1.15 -0.41 1.55 0.66 -0.34 1.54 24 X Y 202202170403A  
149.28 -59.42 19 -0.16 2.08 -1.92 -1.91 -0.16 -3.95 23 X Y 202202181600A  
-61.91 -62.50 20 2.60 -1.56 -1.04 -1.47 0.67 -1.50 23 X Y 202202182208A  
-142.93 -56.48 16 -0.63 4.78 -4.15 -0.27 0.66 2.99 24 X Y 202202191646A  
165.13 -69.75 12 1.95 -2.59 0.64 -1.98 0.70 0.68 25 X Y 202202212324A  
-135.81 -54.56 16 -0.54 2.36 -1.82 1.03 0.22 2.97 23 X Y 202202231215A  
-29.64 -58.55 12 -0.48 -0.81 1.29 -0.05 -0.02 1.26 24 X Y 202202240352A  
-25.80 -59.93 47 5.21 -0.27 -4.94 -1.16 0.97 -2.88 24 X Y 202202252152A  
-151.14 -59.65 12 -1.21 4.77 -3.57 -0.31 0.37 -0.73 23 X Y 202202260411A  
-25.50 -59.91 36 4.61 1.17 -5.78 -0.88 2.41 -2.53 23 X Y 202202280557A  
149.16 -59.22 12 -0.10 1.11 -1.01 -1.50 -0.55 -1.54 23 X Y 202203020819A  
-22.90 -58.40 34 -0.16 -2.73 2.89 0.90 0.65 1.10 23 X Y 202203050503A  
-24.20 -58.96 18 1.24 0.19 -1.43 -0.25 1.05 -0.01 25 X Y 202203062014A  
-123.51 -56.11 25 0.91 1.51 -2.43 -1.43 -0.69 4.47 23 X Y 202203070512A  
-25.20 -59.25 45 2.48 1.30 -3.77 -0.32 0.79 -0.16 23 X Y 202203072325A  
-25.05 -59.27 48 2.39 0.58 -2.98 -0.72 0.43 0.09 23 X Y 202203080410A  
145.65 -54.08 14 0.74 1.72 -2.46 0.01 -0.05 -2.59 24 X Y 202203081714A  
-25.36 -60.87 12 -1.12 1.10 0.02 0.30 -0.19 0.81 24 X Y 202203091630A  
-23.45 -57.94 14 -1.59 -2.32 3.90 -1.98 0.48 0.95 23 X Y 202203122022A  
-130.60 -54.93 20 -0.80 3.48 -2.69 -0.17 1.96 4.52 23 X Y 202203131926A  
-24.46 -58.70 30 1.10 0.39 -1.49 -0.31 0.50 0.12 24 X Y 202203151551A  
-24.47 -58.77 34 5.97 -1.38 -4.59 0.43 0.51 -0.25 23 X Y 202203151602A  
174.92 -64.22 15 -0.16 2.14 -1.98 -0.73 -1.72 -0.25 23 X Y 202203180209A  
-23.02 -58.28 12 -2.11 -0.53 2.64 -0.61 -0.00 0.24 24 X Y 202203210515A  
-24.90 -57.89 41 -1.15 0.65 0.50 -1.95 1.24 2.42 23 X Y 202203211602A  
-25.02 -56.92 23 2.66 0.81 -3.47 1.45 1.69 0.99 23 X Y 202203211628A  
-161.08 -62.82 12 -0.54 1.67 -1.13 -0.49 -0.50 1.08 23 X Y 202203262220A  
-155.84 -62.25 22 -0.03 2.11 -2.08 0.31 0.08 1.87 23 X Y 202203300139A  
-25.09 -58.20 53 3.07 -0.12 -2.95 0.19 0.51 0.45 23 X Y 202203300602A  
-24.84 -60.85 17 -2.71 1.96 0.75 0.58 -1.34 0.68 23 X Y 202204010828A  
-142.03 -56.75 20 -0.27 3.29 -3.02 -0.15 -0.62 2.55 24 X Y 202204011438A  
-24.77 -57.38 20 5.12 -0.82 -4.29 -4.68 3.30 3.27 23 X Y 202204032047A  
-24.79 -58.04 42 3.76 0.52 -4.28 -0.34 1.51 0.59 24 X Y 202204052126A  
-118.79 -54.71 13 -0.66 1.99 -1.33 1.02 -0.06 2.75 23 X Y 202204081332A  
-118.87 -54.74 12 -1.57 2.31 -0.74 1.02 -0.74 3.28 23 X Y 202204081435A  
-29.97 -55.76 16 -1.64 -0.37 2.02 0.56 0.67 2.02 23 X Y 202204101905A  
-16.84 -59.15 16 -0.12 -0.75 0.87 1.82 -0.18 2.10 23 X Y 202204111850A  
-28.10 -56.08 119 1.31 -0.22 -1.09 -1.48 -1.46 1.92 23 X Y 202204121144A  
-1.23 -55.64 12 -4.19 0.13 4.06 -1.27 -1.37 -0.21 23 X Y 202204140927A  
-27.24 -55.85 95 1.71 -2.28 0.57 -1.48 -0.69 2.19 23 X Y 202204151645A  
154.67 -61.66 12 0.95 0.61 -1.57 0.05 -0.25 0.06 24 X Y 202204190707A  
-24.89 -58.04 31 2.35 0.09 -2.44 -0.73 1.55 0.52 23 X Y 202204191657A  
-46.70 -60.46 21 -2.10 2.31 -0.22 0.54 0.86 4.00 23 X Y 202204200922A  
-47.08 -60.50 18 -0.54 1.05 -0.52 1.03 0.06 2.46 24 X Y 202204201105A  
154.07 -61.10 15 -0.63 5.56 -4.93 0.11 0.87 -4.29 24 X Y 202204201913A  
-24.57 -58.32 31 2.55 0.61 -3.16 -2.38 1.83 1.43 23 X Y 202204231956A  
-24.27 -60.50 12 -0.79 0.13 0.67 -0.09 -0.15 0.40 24 X Y 202204270927A  
147.60 -57.02 12 0.04 0.97 -1.01 -0.69 -0.18 -1.74 23 X Y 202204301957A  
-24.67 -56.95 12 1.97 -0.00 -1.97 -0.81 1.78 0.77 24 X Y 202205020602A  
-24.73 -56.96 18 1.02 -0.12 -0.90 -0.15 0.39 0.24 24 X Y 202205020610A  
-129.86 -55.11 27 -0.29 2.18 -1.89 -0.09 -0.08 1.81 23 X Y 202205020812A  
166.19 -62.67 15 -0.91 4.34 -3.43 -1.03 -0.37 4.36 23 X Y 202205021859A  
-161.40 -62.75 12 -0.03 5.95 -5.91 -0.26 0.48 3.10 23 X Y 202205040523A  
-45.34 -56.20 12 -2.04 4.30 -2.26 1.47 0.15 7.21 23 X Y 202205100249A  
-25.86 -60.00 39 2.29 1.45 -3.74 -1.22 1.23 -1.74 23 X Y 202205100340A  
-27.48 -56.44 12 1.65 -0.45 -1.19 0.04 -0.39 -0.03 24 X Y 202205130323A  
177.64 -56.54 12 2.22 -1.55 -0.67 0.99 -1.58 1.09 24 X Y 202205170144A  
-119.38 -54.68 17 -0.16 1.82 -1.66 0.13 -0.70 3.41 23 X Y 202205170344A  
-119.36 -54.61 13 -0.01 1.60 -1.60 0.37 1.15 2.98 23 X Y 202205170348A  
-24.64 -58.99 38 1.18 0.37 -1.55 -0.31 0.37 0.06 24 X Y 202205182023A  
-126.97 -55.19 12 -0.30 2.69 -2.39 -0.25 1.39 4.44 24 X Y 202205190151A  
-24.92 -57.01 35 1.02 -0.65 -0.36 -0.47 0.57 0.38 24 X Y 202205190329A  
158.70 -54.03 24 0.63 0.87 -1.50 -0.59 -0.40 1.73 26 X Y 202205191013A  
-24.81 -58.06 37 1.83 0.08 -1.91 -0.19 1.01 0.30 24 X Y 202205231158A  
-29.47 -55.62 12 -5.43 0.37 5.06 -1.57 1.17 0.31 23 X Y 202205232233A  
-23.48 -59.67 15 -1.09 -1.46 2.55 -0.34 1.02 1.78 23 X Y 202205271100A  
-32.37 -55.32 16 1.24 0.95 -2.20 -0.19 0.94 0.50 23 X Y 202206020915A  
-144.22 -56.08 12 0.15 1.67 -1.83 -0.14 -0.14 0.93 24 X Y 202206021216A  
-24.97 -58.97 51 2.47 0.37 -2.84 -0.40 0.52 -0.10 24 X Y 202206040259A  
154.50 -61.40 12 0.11 3.17 -3.28 -1.19 -0.07 -3.18 23 X Y 202206040816A  
-27.18 -56.05 52 1.19 1.79 -2.97 -1.43 0.62 -1.17 23 X Y 202206040947A  
148.24 -57.82 12 -0.27 3.68 -3.41 -1.47 -0.38 -5.90 25 X Y 202206041317A  
148.29 -57.69 19 -0.32 1.97 -1.65 -1.10 0.23 -3.35 23 X Y 202206051534A  
178.00 -64.99 12 -0.02 2.75 -2.74 -0.87 -0.23 -1.14 24 X Y 202206110942A  
161.65 -62.04 12 -6.17 5.06 1.11 -3.09 1.54 1.28 23 X Y 202206111845A  
139.47 -50.51 12 -0.13 0.15 -0.02 -0.05 -0.02 -1.13 24 X Y 202206112056A  
-29.83 -55.78 12 -2.95 0.15 2.80 -0.86 2.76 2.81 23 X Y 202206120833A  
-26.83 -60.23 67 0.04 -2.27 2.23 -1.70 -0.84 -1.43 23 X Y 202206201259A  
140.28 -52.98 14 -2.34 2.46 -0.12 0.70 1.61 -0.80 23 X Y 202206221103A  
-143.40 -56.31 20 -0.49 3.40 -2.91 0.25 0.01 2.44 24 X Y 202206240949A  
-27.17 -56.23 110 0.83 0.22 -1.05 -1.90 0.12 1.64 23 X Y 202206270128A  
-25.67 -60.80 12 -1.41 0.76 0.66 1.67 0.53 3.81 23 X Y 202206270152A  
-158.92 -62.64 15 -0.88 2.53 -1.65 0.20 0.21 0.30 23 X Y 202206280513A  
-139.03 -56.43 12 -0.29 1.55 -1.26 0.86 0.70 1.52 23 X Y 202206280852A  
-25.70 -58.57 83 0.49 -0.93 0.44 0.26 -0.97 0.38 24 X Y 202206291918A  
-149.25 -58.78 19 0.06 -3.80 3.74 1.45 1.16 1.09 23 X Y 202207041252A  
-33.17 -60.63 19 -0.32 -0.42 0.75 0.00 -0.67 3.12 23 X Y 202207161139A  
161.68 -62.05 18 -1.37 4.50 -3.13 -2.40 -0.39 -1.35 23 X Y 202207211617A  
-25.26 -59.22 42 2.16 1.35 -3.50 -1.72 0.32 0.31 23 X Y 202207220248A  
-24.65 -58.90 35 3.52 1.43 -4.95 -1.40 1.07 -0.30 23 X Y 202207241904A  
161.77 -62.02 16 -1.60 6.23 -4.63 -2.61 -0.75 -2.34 23 X Y 202207260532A  
-26.71 -60.66 20 -0.84 3.12 -2.28 -0.14 1.53 -1.93 23 X Y 202207310050A  
-24.55 -58.77 33 3.80 0.75 -4.55 0.79 1.95 1.42 23 X Y 202208050639B  
112.39 -50.23 23 -3.07 2.19 0.89 0.79 -0.14 -0.12 23 X Y 202208070137A  
-28.53 -55.21 20 -1.67 -0.08 1.76 0.08 0.63 1.90 23 X Y 202208091839A  
-24.38 -57.26 17 2.20 -0.40 -1.80 -0.72 -0.03 0.58 23 X Y 202208101017A  
-25.01 -59.32 42 1.75 0.33 -2.07 -0.03 0.31 -0.52 24 X Y 202208120618A  
22.14 -53.00 12 -1.10 1.00 0.11 0.71 -0.39 -0.37 24 X Y 202208140949A  
140.39 -53.21 18 -0.97 0.63 0.34 -0.70 0.88 -4.58 23 X Y 202208141239A  
158.45 -54.93 12 -0.12 1.03 -0.91 -0.08 0.15 2.22 24 X Y 202208160709A  
120.00 -50.05 12 -4.55 4.37 0.18 2.70 2.06 -1.13 23 X Y 202208172315A  
-27.07 -56.23 129 0.43 0.02 -0.46 -0.54 -0.08 0.61 24 X Y 202208190458A  
168.13 -62.79 18 -2.19 1.84 0.35 0.02 0.82 0.20 23 X Y 202208202349A  
-158.93 -62.56 22 -1.21 3.53 -2.32 0.98 0.19 1.69 23 X Y 202208220414A  
-158.96 -62.68 12 -4.62 5.63 -1.02 1.39 -1.64 -0.56 23 X Y 202208231025A  
-159.23 -62.66 12 -0.62 0.92 -0.31 0.14 0.01 -0.14 24 X Y 202208231153A  
161.75 -62.00 22 -2.03 4.01 -1.98 -0.34 0.40 -0.66 23 X Y 202208231753A  
161.58 -61.99 12 -0.68 5.79 -5.11 -0.96 -0.99 -1.89 24 X Y 202208231841A  
119.79 -50.03 19 -2.59 1.96 0.63 0.47 0.21 -0.66 23 X Y 202208280852A  
161.91 -62.04 23 -0.42 2.63 -2.21 -0.51 -0.46 -1.14 23 X Y 202208300058A  
-135.57 -54.68 15 -0.23 2.13 -1.90 0.16 0.08 2.01 24 X Y 202208300800A  
-135.91 -54.58 12 -0.08 2.55 -2.48 0.09 0.15 2.57 25 X Y 202208300909A  
-124.38 -55.76 17 -0.34 1.33 -0.99 -0.02 -0.08 1.56 25 X Y 202209042357A  
-25.37 -56.59 20 0.74 -0.12 -0.62 -0.28 0.50 0.31 25 X Y 202209060832A  
-25.30 -56.56 21 1.13 -0.12 -1.01 -0.28 0.59 0.41 24 X Y 202209060904A  
-25.26 -56.57 19 3.13 0.01 -3.14 -0.56 2.15 1.18 24 X Y 202209061214A  
-119.36 -54.66 12 -0.60 3.68 -3.08 0.13 0.49 6.69 24 X Y 202209070607A  
-24.86 -58.60 54 3.49 2.18 -5.67 -1.05 0.68 0.65 23 X Y 202209091819A  
-24.60 -58.91 34 1.50 0.29 -1.79 -0.23 0.47 -0.14 24 X Y 202209101114A  
-15.38 -58.47 28 -3.09 0.88 2.21 2.28 -1.41 0.71 23 X Y 202209130338A  
-135.73 -54.59 21 -1.24 5.34 -4.11 1.27 0.61 5.03 23 X Y 202209162334A  
25.81 -52.79 15 -1.68 5.77 -4.09 0.14 -1.04 5.90 23 X Y 202209170525A  
-19.59 -60.81 12 -5.04 0.65 4.39 1.52 -0.01 3.22 25 X Y 202209290303A  
-20.19 -60.64 36 -4.51 0.83 3.68 0.94 1.33 0.87 24 X Y 202209290411A  
-24.87 -57.84 39 4.50 0.24 -4.73 -0.31 1.78 0.99 24 X Y 202210021305A  
-25.64 -56.35 18 1.41 -0.42 -0.99 -0.64 0.88 0.85 24 X Y 202210030700A  
-24.56 -58.81 31 1.23 0.27 -1.50 0.05 0.51 0.06 24 X Y 202210051617A  
-24.50 -58.90 32 5.74 1.24 -6.99 -0.69 1.91 -0.37 23 X Y 202210051816A  
-24.51 -58.88 31 4.54 0.86 -5.40 -0.14 0.53 -0.88 23 X Y 202210060202A  
-27.86 -56.02 116 0.19 0.37 -0.56 -1.07 0.28 0.54 24 X Y 202210060350A  
-132.90 -54.29 12 0.28 1.98 -2.26 0.37 1.30 1.97 23 X Y 202210081330A  
-132.99 -54.34 14 0.28 0.87 -1.16 0.23 0.27 1.57 23 X Y 202210081353A  
-132.89 -54.33 12 0.01 2.53 -2.54 -0.03 0.68 2.68 24 X Y 202210081442A  
173.02 -63.75 16 -0.95 3.03 -2.08 -1.90 -0.62 0.29 23 X Y 202210100103A  
140.37 -53.00 18 -0.02 1.24 -1.23 -0.13 -0.13 -1.62 23 X Y 202210121012A  
-19.67 -60.78 12 -3.85 1.41 2.44 1.84 0.59 1.71 23 X Y 202210142104A  
-25.06 -59.28 51 1.65 1.85 -3.49 -0.41 0.42 0.20 23 X Y 202210150012A  
165.92 -62.47 29 -0.95 3.72 -2.76 0.01 -0.44 -1.27 23 X Y 202210161046A  
177.02 -64.59 12 -1.38 4.36 -2.98 -1.04 -0.35 -0.25 23 X Y 202210190842A  
-118.67 -54.80 12 -0.60 1.40 -0.80 0.44 -0.15 1.48 23 X Y 202210221718A  
-118.67 -54.80 12 -0.32 2.01 -1.70 -0.03 -0.53 3.53 23 X Y 202210240344A  
-25.66 -58.87 82 1.14 -2.47 1.33 0.70 -2.54 1.13 25 X Y 202210250013A  
-25.77 -59.98 46 0.68 0.10 -0.78 -0.26 0.29 -0.36 24 X Y 202210270133A  
-25.45 -61.08 12 -0.37 1.14 -0.78 -0.11 0.18 1.18 25 X Y 202211021417A  
-24.11 -60.13 18 -1.81 -1.25 3.06 -1.97 1.36 1.18 23 X Y 202211050508A  
-24.56 -60.93 12 -4.55 3.91 0.64 1.35 -0.69 1.62 23 X Y 202211061903A  
-4.34 -55.79 21 -0.67 -0.96 1.63 0.72 0.54 2.92 23 X Y 202211081242A  
-167.08 -63.80 12 -0.53 3.50 -2.97 -0.33 0.23 0.86 24 X Y 202211141501A  
140.80 -53.71 12 -0.85 0.87 -0.02 -1.04 0.57 -6.76 23 X Y 202211151224A  
140.72 -53.73 14 0.34 0.37 -0.71 -2.03 -0.59 -6.33 23 X Y 202211152046A  
-25.68 -59.88 39 4.60 0.75 -5.35 -1.52 1.80 -1.96 23 X Y 202211152117A  
14.03 -52.32 12 -1.67 2.19 -0.52 0.80 -0.63 0.11 24 X Y 202211190049A  
-25.77 -60.28 30 1.28 -0.68 -0.60 -0.35 0.07 -0.78 24 X Y 202211191710A  
-25.74 -60.22 31 0.89 -0.35 -0.55 -0.03 0.01 -0.56 24 X Y 202211192002A  
160.01 -52.60 26 -0.67 3.70 -3.03 0.02 0.57 0.98 23 X Y 202211201623A  
-27.44 -60.22 110 -4.87 6.01 -1.14 -1.37 -3.66 -2.64 23 X Y 202211222113A  
-25.90 -60.29 37 2.32 0.22 -2.54 -1.95 -0.95 -1.84 23 X Y 202211230702A  
-27.34 -55.94 98 2.75 -7.14 4.40 -1.32 -2.13 2.48 23 X Y 202211252309A  
-128.55 -55.46 13 -0.21 0.92 -0.71 -0.15 0.08 1.08 24 X Y 202211271404A  
-136.66 -54.40 15 -0.04 0.79 -0.75 0.05 -0.14 0.71 24 X Y 202211300107A  
2.89 -53.87 20 -0.55 3.97 -3.42 0.19 0.58 -0.40 24 X Y 202212021235A  
-26.87 -60.68 17 -2.25 1.67 0.58 -1.25 -1.72 -1.02 23 X Y 202212051030A  
-24.93 -60.95 13 -2.10 1.86 0.24 0.70 -0.45 1.40 23 X Y 202212070401A  
-163.81 -63.13 12 -0.31 -0.76 1.08 0.23 0.15 1.92 24 X Y 202212081445A  
-26.10 -56.32 46 3.47 -0.42 -3.05 0.71 1.05 2.25 23 X Y 202212090449A  
-24.66 -58.93 37 3.60 0.72 -4.32 -0.70 1.01 -0.01 24 X Y 202212110640A  
27.99 -52.59 12 -2.28 1.98 0.30 1.67 -1.54 0.82 23 X Y 202212111008A  
-29.61 -59.70 21 -0.26 -1.51 1.77 0.59 0.40 2.03 23 X Y 202212130844A  
155.82 -62.82 12 -0.15 1.56 -1.41 -0.60 -0.28 -1.07 24 X Y 202212140628A  
147.69 -57.27 12 -0.01 3.08 -3.07 -3.97 -0.50 -6.23 23 X Y 202212150637A  
-26.50 -60.33 39 0.25 -1.11 0.86 -1.03 -1.19 4.35 23 X Y 202212150914A  
19.35 -53.16 28 -3.25 1.01 2.24 -1.88 -1.46 -0.77 23 X Y 202212190645A  
-179.72 -65.31 12 -0.91 3.09 -2.18 -1.13 -0.58 -0.85 24 X Y 202212230839A  
149.32 -59.37 12 -0.05 0.42 -0.37 -0.42 -0.09 -0.84 24 X Y 202212251056A  
-24.58 -58.88 32 3.32 0.50 -3.81 -0.26 2.01 -0.80 23 X Y 202212251121A  
155.27 -62.23 16 -0.93 5.89 -4.95 -2.31 -0.55 -4.24 23 X Y 202212260809A  
-24.45 -58.80 32 0.61 0.16 -0.77 -0.00 0.38 -0.08 24 X Y 202212260935A  
-179.68 -65.27 15 -2.92 7.22 -4.30 -2.06 1.49 -0.53 23 X Y 202212261510A  
-24.39 -57.09 12 5.06 0.71 -5.77 -1.33 3.40 0.94 23 X Y 202212262336A  
27.85 -52.66 12 -1.27 6.69 -5.41 1.03 -0.17 2.29 23 X Y 202212302102A  
28.02 -52.66 18 0.14 1.40 -1.54 -0.71 -0.54 1.48 23 X Y 202212302245A  
27.85 -52.73 15 -0.86 3.01 -2.15 -0.49 -1.37 2.70 23 X Y 202212310208A  